0.001410
0.001085
0.001023
0.000770
0.000780
0.000825
0.001053
0.000870
0.000966
0.001868
0.001016
0.000843
0.005701
0.001095
0.000795
0.001020
0.001375
0.001111
0.001010
0.000740
0.000872
0.000877
0.001260
0.000686
0.000974
0.000908
0.000996
0.001502
0.001892
0.003082
0.001055
0.005388
0.001074
0.000654
0.001170
0.001145
0.006367
0.001294
0.001208
0.000968
0.001041
0.000851
0.001037
0.001209
0.001045
0.002229
0.002290
0.001037
0.000934
0.000794
0.000824
0.001170
0.001020
0.000871
0.000707
0.000967
0.000826
0.000431
0.001929
0.001808
0.000915
0.000818
0.001479
0.001232
0.000732
0.000685
0.000898
0.000933
0.000906
0.001167
0.000738
0.000708
0.000842
0.000886
0.000961
0.000938
0.003246
0.000845
0.001156
0.000871
0.000949
0.001063
0.000855
0.007095
0.000816
0.000899
0.000544
0.000839
0.000769
0.000840
0.000816
0.001385
0.000794
0.001183
0.001261
0.001443
0.000757
0.000946
0.000710
0.000768
0.000793
0.000765
0.000860
0.001199
0.001269
0.001197
0.001015
0.000856
0.001940
0.001212
0.000988
0.001117
0.005490
0.001278
0.000880
0.000720
0.001355
0.001307
0.000738
0.003423
0.001143
0.000747
0.000917
0.000887
0.001044
0.000703
0.001059
0.000813
0.001006
0.001601
0.000779
0.000832
0.000985
0.001212
0.000950
0.001008
0.001441
0.000653
0.000635
0.000997
0.000914
0.001196
0.000926
0.000785
0.000866
0.001168
0.000748
0.000805
0.000921
0.000865
0.001091
0.001163
0.001445
0.000990
0.000852
0.000843
0.001547
0.000920
0.000870
0.000769
0.000822
0.000988
0.000893
0.001040
0.001040
0.001094
0.000891
0.000700
0.000768
0.000557
0.000928
0.000744
0.000675
0.000969
0.000739
0.000715
0.000957
0.000806
0.000978
0.000786
0.001041
0.000969
0.000699
0.001407
0.000972
0.001476
0.000873
0.001096
0.001680
0.000931
0.000962
0.001068
0.001315
0.000771
0.001089
0.000763
0.000859
0.000781
0.001075
0.000928
0.000864
0.001058
0.000984
0.000778
0.000831
0.000716
0.000718
0.001785
0.000637
0.000820
0.000897
0.001059
0.001065
0.000732
0.001536
0.000844
0.000821
0.000470
0.000929
0.000665
0.000776
0.002064
0.001101
0.002294
0.000698
0.000908
0.000928
0.000901
0.000828
0.002039
0.000505
0.000837
0.000998
0.000985
0.001280
0.000985
0.003433
0.000826
0.000678
0.000785
0.001113
0.000869
0.000996
0.000755
0.000966
0.000666
0.001435
0.002139
0.000903
0.000811
0.000981
0.001129
0.001092
0.001176
0.001030
0.001432
0.001213
0.001070
0.001356
0.000880
0.001120
0.000928
0.000944
0.000878
0.001265
0.000981
0.000927
0.001822
0.000975
0.000768
0.000997
0.000743
0.002118
0.000643
0.002184
0.001163
0.000917
0.000798
0.000851
0.000891
0.000883
0.001063
0.001090
0.000942
0.000905
0.000705
0.002289
0.001119
0.000960
0.001613
0.000754
0.000921
0.001043
0.001332
0.001565
0.001580
0.001345
0.000864
0.000834
0.000883
0.002234
0.001111
0.000791
0.003645
0.000721
0.000996
0.000546
0.000855
0.001033
0.000907
0.000796
0.001039
0.001052
0.006825
0.000746
0.000912
0.000707
0.001490
0.000665
0.000874
0.000778
0.001165
0.001076
0.001101
0.001689
0.004069
0.001930
0.000942
0.000987
0.000913
0.001479
0.001170
0.000885
0.001076
0.001047
0.001146
0.001107
0.001118
0.001302
0.000994
0.001169
0.001858
0.001036
0.000895
0.000969
0.000938
0.000980
0.001152
0.002681
0.000904
0.000975
0.000795
0.000865
0.000877
0.000890
0.001066
0.000993
0.001049
0.000898
0.002235
0.000971
0.000673
0.000936
0.000780
0.000752
0.001001
0.000626
0.001112
0.001138
0.000940
0.000806
0.001385
0.001007
0.001189
0.001007
0.000936
0.001219
0.001069
0.000834
0.001251
0.000995
0.001264
0.000957
0.002975
0.001052
0.001120
0.001380
0.001160
0.001371
0.001225
0.001136
0.001065
0.004410
0.001458
0.001244
0.000982
0.001319
0.001033
0.000987
0.001336
0.001042
0.001909
0.001315
0.002127
0.001050
0.001044
0.001120
0.000630
0.000854
0.001287
0.001199
0.000921
0.001156
0.002740
0.001436
0.001122
0.000766
0.001008
0.000941
0.000903
0.000817
0.001932
0.000978
0.000778
0.001961
0.001010
0.002169
0.002936
0.001562
0.000977
0.000937
0.001022
0.000795
0.001667
0.001087
0.001613
0.000782
0.001402
0.001122
0.001016
0.001373
0.000921
0.001071
0.001132
0.001220
0.001214
0.000911
0.001059
0.000945
0.001295
0.000910
0.001234
0.000965
0.001080
0.001786
0.001276
0.001176
0.000994
0.001964
0.000968
0.001573
0.001574
0.001069
0.001077
0.001643
0.001040
0.001046
0.001568
0.001013
0.001299
0.001017
0.001523
0.001153
0.001401
0.000653
0.000627
0.000794
0.000783
0.001570
0.001113
0.001001
0.001400
0.001246
0.000850
0.001153
0.000813
0.000819
0.004124
0.000690
0.001465
0.000891
0.000742
0.000806
0.001223
0.000764
0.000736
0.004166
0.000885
0.000797
0.003227
0.000764
0.000684
0.000770
0.002678
0.000676
0.000875
0.000977
0.000846
0.000914
0.000691
0.000692
0.000508
0.001561
0.001273
0.000684
0.000609
0.000616
0.002629
0.000547
0.000757
0.000722
0.000982
0.001681
0.001160
0.000913
0.000862
0.001149
0.002449
0.000944
0.000881
0.000923
0.001050
0.000931
0.001068
0.000733
0.001226
0.001068
0.001256
0.001033
0.001263
0.000999
0.001350
0.001079
0.001109
0.001446
0.001302
0.001075
0.001072
0.001192
0.001134
0.000971
0.001083
0.001863
0.000747
0.000823
0.003303
0.000814
0.000812
0.000811
0.001849
0.000794
0.001224
0.001005
0.001108
0.000928
0.001545
0.001163
0.001442
0.001898
0.001173
0.000984
0.000905
0.001089
0.001021
0.000850
0.000919
0.001014
0.001150
0.000994
0.001894
0.000710
0.001062
0.000777
0.000849
0.001579
0.000758
0.000738
0.000769
0.000980
0.001004
0.001159
0.000791
0.001114
0.000875
0.000710
0.000758
0.001093
0.000784
0.000880
0.000943
0.001048
0.000812
0.000715
0.000955
0.000936
0.001237
0.000823
0.000936
0.001663
0.001086
0.000860
0.001143
0.001198
0.001085
0.000823
0.001066
0.001450
0.002234
0.000864
0.001109
0.000973
0.001255
0.001818
0.000974
0.001100
0.001568
0.001513
0.000826
0.001011
0.000903
0.001240
0.001494
0.001014
0.000791
0.001176
0.001130
0.001065
0.000789
0.000803
0.003155
0.001081
0.002242
0.001052
0.001330
0.000980
0.000908
0.000944
0.001207
0.000798
0.001204
0.001594
0.000944
0.001015
0.000881
0.000778
0.000989
0.001138
0.000926
0.005329
0.001467
0.000827
0.001100
0.000887
0.000921
0.000977
0.000890
0.000882
0.001110
0.000919
0.001469
0.001366
0.000793
0.000848
0.001113
0.001057
0.001217
0.001132
0.001059
0.000864
0.000993
0.001535
0.001032
0.000745
0.001293
0.001373
0.001127
0.000989
0.001286
0.000846
0.000895
0.000910
0.000801
0.001014
0.002065
0.001342
0.000835
0.005639
0.000901
0.000905
0.000960
0.001590
0.000879
0.001086
0.000865
0.000798
0.000932
0.001058
0.001138
0.001175
0.001010
0.001117
0.001027
0.000977
0.000870
0.001181
0.001054
0.001351
0.000891
0.000930
0.001017
0.001011
0.001087
0.000987
0.000945
0.001027
0.001097
0.001019
0.000928
0.000711
0.001573
0.000698
0.000664
0.000690
0.000744
0.000855
0.000908
0.002082
0.000870
0.001015
0.003192
0.002269
0.000942
0.000902
0.001251
0.000873
0.001065
0.000762
0.000963
0.001096
0.001072
0.000830
0.000985
0.001036
0.000746
0.002166
0.000956
0.000679
0.000844
0.001192
0.000973
0.000892
0.000931
0.000974
0.000866
0.000891
0.001297
0.001225
0.000967
0.000906
0.001356
0.000766
0.000758
0.001106
0.000752
0.001176
0.000803
0.001068
0.000783
0.002086
0.001138
0.000785
0.000789
0.000700
0.001193
0.001722
0.000942
0.000820
0.000767
0.001104
0.000817
0.000644
0.000845
0.000826
0.000806
0.001392
0.000952
0.000946
0.001361
0.000825
0.000998
0.000950
0.001026
0.000889
0.000812
0.000951
0.001225
0.001050
0.001045
0.000935
0.000837
0.000891
0.002370
0.000985
0.000967
0.000876
0.000828
0.001684
0.000797
0.000806
0.002515
0.000821
0.001575
0.001039
0.000854
0.001118
0.000810
0.001017
0.000871
0.000725
0.001377
0.000748
0.001082
0.001049
0.000806
0.001280
0.000846
0.000650
0.000604
0.000616
0.000568
0.000655
0.000664
0.000640
0.000871
0.000900
0.000952
0.000731
0.000992
0.001290
0.001069
0.001206
0.000975
0.003333
0.000870
0.000837
0.000790
0.000732
0.000976
0.001062
0.000542
0.000587
0.000956
0.000827
0.000975
0.000697
0.000815
0.000759
0.000637
0.000553
0.000551
0.001180
0.001005
0.000726
0.000818
0.001234
0.000838
0.001014
0.002311
0.000734
0.000791
0.000788
0.000900
0.001186
0.001104
0.001046
0.000918
0.000907
0.000855
0.001239
0.001179
0.000896
0.002444
0.001805
0.001061
0.000937
0.000739
0.001486
0.000753
0.001485
0.001130
0.000841
0.000880
0.003574
0.000931
0.001562
0.000972
0.001051
0.001026
0.002197
0.000987
0.000936
0.001015
0.000973
0.001445
0.000885
0.000986
0.001085
0.001208
0.001184
0.000965
0.001780
0.001181
0.000921
0.000990
0.001148
0.000895
0.001379
0.002798
0.001449
0.000889
0.001370
0.000990
0.000809
0.001052
0.000955
0.000793
0.000942
0.000783
0.001273
0.009853
0.000955
0.000889
0.001426
0.000911
0.000784
0.000989
0.000737
0.000830
0.002377
0.000907
0.000934
0.000839
0.000711
0.000807
0.003511
0.000856
0.000745
0.002265
0.000797
0.002010
0.001059
0.001534
0.000909
0.001111
0.002806
0.001408
0.001236
0.001476
0.001137
0.002099
0.001170
0.000923
0.001073
0.000944
0.000803
0.001349
0.001564
0.001058
0.001524
0.001008
0.001479
0.000937
0.001042
0.001155
0.000889
0.001261
0.001182
0.001336
0.000921
0.001297
0.001077
0.000896
0.000754
0.001075
0.000913
0.000817
0.001042
0.000966
0.001260
0.001206
