0.001399
0.011479
0.005380
0.004168
0.004887
0.000885
0.005845
0.004120
0.009494
0.000849
0.010656
0.011824
0.011384
0.010080
0.008661
0.004993
0.005536
0.009198
0.008366
0.006341
0.007404
0.009021
0.010767
0.009118
0.011073
0.014182
0.011240
0.007828
0.009552
0.008079
0.010668
0.004656
0.012086
0.013268
0.011789
0.014201
0.003167
0.007472
0.006872
0.006607
0.006299
0.010798
0.008591
0.008217
0.013280
0.009901
0.007006
0.005768
0.007246
0.008763
0.005741
0.011158
0.004247
0.011073
0.005195
0.004557
0.011313
0.011379
0.000805
0.007919
0.008388
0.007272
0.008412
0.012022
0.004773
0.010573
0.010463
0.003419
0.012676
0.011183
0.011013
0.001036
0.005136
0.001118
0.006427
0.000879
0.001182
0.006093
0.010782
0.006121
0.001072
0.000999
0.006397
0.008951
0.005855
0.006367
0.000816
0.001046
0.006165
0.008800
0.009518
0.009154
0.010608
0.007870
0.009823
0.008557
0.001048
0.003611
0.011398
0.007256
0.010615
0.007544
0.004773
0.011389
0.000760
0.005592
0.010670
0.007317
0.005108
0.007061
0.010430
0.008081
0.005272
0.004511
0.004921
0.006521
0.009250
0.011668
0.008410
0.006128
0.010348
0.009811
0.004757
0.008464
0.009685
0.003911
0.011657
0.011128
0.003275
0.009682
0.006941
0.007370
0.007192
0.008331
0.008068
0.011535
0.007496
0.007287
0.008741
0.009723
0.010130
0.011071
0.001842
0.005245
0.003571
0.011671
0.002193
0.010159
0.001064
0.006391
0.000705
0.008132
0.009043
0.006108
0.005985
0.003388
0.000738
0.008031
0.005215
0.009024
0.009920
0.004438
0.009764
0.009773
0.011215
0.010180
0.011416
0.000788
0.007199
0.011398
0.007174
0.010762
0.011296
0.006894
0.006743
0.010565
0.007305
0.007238
0.009295
0.004503
0.009956
0.008202
0.010143
0.010362
0.010715
0.003994
0.006298
0.009534
0.009265
0.006618
0.009852
0.004422
0.008703
0.006247
0.007576
0.007099
0.005843
0.000948
0.008583
0.007448
0.009310
0.001399
0.009672
0.007525
0.001202
0.008688
0.010601
0.011196
0.007449
0.008263
0.008554
0.004937
0.008748
0.008002
0.004328
0.011032
0.008178
0.009066
0.011235
0.005050
0.005256
0.010655
0.005032
0.009519
0.005090
0.004494
0.011589
0.001896
0.005796
0.007215
0.007436
0.010595
0.005254
0.008128
0.008023
0.009410
0.004882
0.012339
0.003056
0.006688
0.006326
0.003054
0.014961
0.006476
0.010529
0.007941
0.010126
0.006049
0.007855
0.011719
0.005666
0.000781
0.010744
0.011050
0.011716
0.006841
0.010879
0.009020
0.012214
0.010754
0.005598
0.009993
0.006675
0.007958
0.005276
0.010318
0.008671
0.006451
0.008717
0.003035
0.010122
0.004431
0.010188
0.009697
0.011416
0.009362
0.011593
0.004339
0.001261
0.009660
0.002016
0.009271
0.008588
0.011497
0.009572
0.010198
0.009437
0.006560
0.010513
0.008349
0.006968
0.009058
0.008758
0.001252
0.006671
0.004221
0.006458
0.008799
0.010901
0.004997
0.007205
0.007256
0.007396
0.003514
0.008597
0.005766
0.007902
0.007502
0.003952
0.006808
0.008080
0.006657
0.005612
0.010502
0.004192
0.002081
0.000729
0.004148
0.008579
0.009744
0.005383
0.008931
0.008517
0.005706
0.000914
0.000718
0.008858
0.005213
0.009154
0.007883
0.012508
0.007923
0.004209
0.006326
0.007216
0.008733
0.006740
0.006617
0.009935
0.005188
0.010127
0.006433
0.009943
0.008459
0.002301
0.010020
0.003877
0.006162
0.004623
0.009448
0.009781
0.002136
0.011952
0.007011
0.006135
0.008767
0.010093
0.005750
0.002419
0.003599
0.006372
0.003200
0.003321
0.010988
0.008396
0.003778
0.005473
0.010439
0.010587
0.004645
0.009074
0.005531
0.010571
0.006221
0.010443
0.008168
0.011763
0.008703
0.009413
0.013488
0.008799
0.012179
0.009265
0.009556
0.012106
0.008584
0.008441
0.011208
0.010097
0.010536
0.000992
0.005925
0.003525
0.009054
0.005105
0.008134
0.007342
0.000733
0.007822
0.007416
0.008647
0.008074
0.008619
0.010448
0.007959
0.011245
0.005646
0.010534
0.003689
0.005879
0.010803
0.007070
0.001086
0.006082
0.001154
0.011756
0.008128
0.006884
0.005595
0.007447
0.008668
0.010959
0.008527
0.009215
0.008949
0.004892
0.004294
0.008350
0.010120
0.002624
0.006670
0.010881
0.008894
0.005340
0.010010
0.009481
0.005633
0.004598
0.008774
0.007120
0.008838
0.010272
0.008720
0.011072
0.005351
0.005252
0.008096
0.004745
0.009985
0.010199
0.012121
0.012553
0.009781
0.011743
0.010545
0.007426
0.005855
0.006237
0.004016
0.010180
0.009992
0.008590
0.000648
0.009974
0.002106
0.010593
0.010734
0.012147
0.004586
0.004469
0.010199
0.012004
0.006923
0.006650
0.011214
0.006210
0.010428
0.009927
0.007421
0.006003
0.007565
0.011398
0.008825
0.006767
0.003133
0.005366
0.006321
0.010182
0.004038
0.009681
0.000943
0.007613
0.004211
0.006991
0.009990
0.006325
0.010713
0.011027
0.005657
0.009411
0.005155
0.005526
0.007314
0.008151
0.004936
0.008610
0.003403
0.006220
0.005686
0.005625
0.006254
0.003843
0.008414
0.011092
0.005843
0.007023
0.008960
0.006133
0.004388
0.008039
0.006078
0.006152
0.008960
0.007759
0.008299
0.011029
0.005362
0.007824
0.008449
0.006488
0.007013
0.006737
0.009411
0.009524
0.007695
0.010310
0.008423
0.008595
0.010128
0.010970
0.005080
0.001452
0.009819
0.004621
0.007937
0.009858
0.006860
0.007018
0.006774
0.003005
0.006421
0.007031
0.009027
0.005563
0.013482
0.008437
0.008749
0.004447
0.005079
0.006860
0.010038
0.004647
0.003569
0.006555
0.012011
0.007225
0.008030
0.012094
0.006339
0.004758
0.004551
0.005017
0.007683
0.007779
0.005230
0.005548
0.007320
0.006652
0.009562
0.006770
0.008204
0.006676
0.012872
0.010280
0.007974
0.006395
0.007803
0.011784
0.007949
0.008875
0.008968
0.008500
0.007117
0.009240
0.007574
0.010443
0.004208
0.010896
0.007584
0.006324
0.008732
0.004675
0.000788
0.004180
0.011072
0.006917
0.000546
0.011375
0.006210
0.011150
0.009027
0.008955
0.010678
0.011286
0.013457
0.010822
0.009342
0.011963
0.006636
0.005618
0.011419
0.000881
0.005607
0.004353
0.010615
0.006451
0.005683
0.004306
0.000932
0.008281
0.003116
0.010618
0.009270
0.006944
0.001043
0.005112
0.008677
0.003293
0.005441
0.011038
0.006727
0.004681
0.008377
0.008619
0.009376
0.009058
0.005773
0.007568
0.010383
0.005560
0.011835
0.000966
0.010493
0.005970
0.001090
0.003356
0.002865
0.009907
0.009117
0.008778
0.004449
0.005637
0.006666
0.007003
0.004607
0.000755
0.009247
0.004978
0.005547
0.011221
0.012086
0.012130
0.010852
0.011344
0.007744
0.009300
0.006757
0.005261
0.008031
0.011195
0.003830
0.003773
0.008904
0.009932
0.009995
0.010375
0.006672
0.009292
0.009898
0.004837
0.011534
0.005310
0.004244
0.005881
0.010154
0.007419
0.005846
0.007435
0.000901
0.008381
0.005480
0.008867
0.001109
0.004365
0.005951
0.001143
0.004500
0.010113
0.009688
0.007407
0.008878
0.008835
0.011605
0.008654
0.004429
0.008549
0.008884
0.008692
0.010083
0.007643
0.009292
0.010092
0.009654
0.006439
0.003299
0.009155
0.007119
0.001036
0.005389
0.010476
0.009997
0.011967
0.000982
0.006320
0.009152
0.008575
0.008575
0.005366
0.006830
0.008277
0.009500
0.005928
0.008323
0.004446
0.008572
0.007380
0.005040
0.000708
0.001606
0.010274
0.008614
0.003743
0.004875
0.008063
0.007639
0.006956
0.005798
0.008271
0.003818
0.000868
0.001827
0.009852
0.006655
0.001149
0.008583
0.010059
0.009026
0.009043
0.011845
0.009316
0.009906
0.010604
0.012264
0.008504
0.009889
0.010605
0.010991
0.010864
0.005949
0.011236
0.003968
0.006109
0.011815
0.010586
0.006651
0.006059
0.006232
0.008039
0.006422
0.003765
0.008021
0.004520
0.006781
0.010405
0.010521
0.000550
0.000991
0.001897
0.009230
0.009135
0.006496
0.010056
0.006455
0.006524
0.005674
0.008826
0.008220
0.008789
0.004223
0.000903
0.004402
0.004087
0.006753
0.010892
0.006053
0.000931
0.004246
0.008848
0.010596
0.008093
0.008440
0.008761
0.010468
0.010844
0.004832
0.004444
0.005881
0.008599
0.005228
0.005747
0.004963
0.003480
0.001784
0.006032
0.010398
0.002453
0.002789
0.004618
0.008092
0.008157
0.007209
0.007592
0.009918
0.001013
0.003593
0.005538
0.005713
0.007588
0.004906
0.006390
0.008942
0.007286
0.009664
0.010089
0.005008
0.005953
0.005897
0.000904
0.004188
0.004745
0.004677
0.006060
0.002910
0.006283
0.009924
0.010239
0.000740
0.009871
0.007863
0.005050
0.006542
0.004716
0.011056
0.004536
0.008527
0.003625
0.011614
0.009062
0.004394
0.005715
0.004615
0.008431
0.006623
0.010615
0.012017
0.000851
0.006318
0.012600
0.007920
0.005273
0.012355
0.007475
0.000983
0.006125
0.002773
0.010581
0.008868
0.004698
0.005141
0.007792
0.005926
0.003223
0.005204
0.004394
0.004762
0.004116
0.008861
0.001058
0.000842
0.000914
0.007989
0.007797
0.008217
0.009898
0.006873
0.012062
0.004399
0.011022
0.009692
0.010701
0.000838
0.009654
0.008373
0.008430
0.010128
0.011484
0.007225
0.009863
0.009646
0.001685
0.008934
0.007409
0.007416
0.008896
0.008863
0.011066
0.007155
0.003184
0.004462
0.002888
0.008697
0.004098
0.013863
0.009721
0.007218
0.010087
0.004472
0.008345
0.005400
0.006990
0.003092
0.010905
0.007088
0.010087
0.011864
0.007155
0.012766
0.010663
0.005562
0.008327
0.010072
0.006799
0.008030
0.005731
0.010459
0.006885
0.008147
0.005870
0.008182
0.011875
0.008121
0.009133
0.004509
0.005626
0.008991
0.008108
0.010226
0.008561
0.006148
0.005785
0.008054
0.008402
0.003108
0.012341
0.009392
0.013490
0.008625
0.009070
0.007851
0.011326
0.012135
0.007569
0.010180
0.010708
0.011220
0.011388
0.006230
0.008955
0.009217
0.009639
