0.000000
0.000000
0.000000
0.000000
0.000000
0.000000
0.780000
0.000000
0.000000
0.000000
0.000000
0.000000
0.000000
0.780000
0.000000
0.000000
0.000000
0.000000
0.000000
0.000000
0.000000
0.000000
0.000000
0.780000
0.000000
0.000000
0.000000
0.000000
0.000000
0.000000
0.000000
0.000000
0.000000
0.000000
0.000000
0.000000
0.780000
0.000000
0.780000
0.000000
0.780000
0.000000
0.000000
0.780000
0.000000
0.000000
0.000000
0.000000
0.780000
0.000000
0.000000
0.000000
0.000000
0.780000
0.780000
0.000000
0.780000
0.000000
0.000000
0.780000
0.000000
1.560000
0.000000
0.000000
0.780000
0.780000
0.780000
0.000000
0.000000
0.000000
0.780000
0.000000
0.780000
0.000000
0.000000
0.780000
0.000000
0.000000
0.780000
1.560000
0.780000
0.780000
0.780000
0.000000
3.120000
0.780000
0.000000
0.780000
0.780000
0.780000
0.780000
0.000000
2.340000
0.780000
0.780000
0.780000
1.560000
0.000000
0.780000
1.560000
0.000000
0.780000
0.000000
1.560000
0.780000
1.560000
2.340000
1.560000
2.340000
0.780000
2.340000
1.560000
0.780000
0.000000
0.000000
1.560000
2.340000
2.340000
2.340000
1.560000
0.000000
2.340000
0.780000
2.340000
0.780000
1.560000
0.780000
0.780000
1.560000
2.340000
1.560000
0.780000
3.910000
0.780000
3.910000
2.340000
2.340000
0.780000
1.560000
1.560000
3.120000
1.560000
0.780000
0.780000
1.560000
2.340000
2.340000
0.780000
4.690000
1.560000
5.470000
3.120000
4.690000
4.690000
3.910000
2.340000
2.340000
0.780000
5.470000
2.340000
3.910000
0.000000
2.340000
3.120000
1.560000
3.910000
5.470000
3.910000
5.470000
3.910000
3.910000
1.560000
3.910000
7.810000
5.470000
3.910000
5.470000
5.470000
4.690000
3.910000
4.690000
1.560000
4.690000
3.910000
3.910000
3.910000
1.560000
7.030000
2.340000
4.690000
3.120000
4.690000
3.910000
3.910000
4.690000
5.470000
7.030000
3.910000
5.470000
7.030000
4.690000
7.030000
7.030000
5.470000
3.120000
5.470000
0.780000
5.470000
6.250000
6.250000
3.120000
4.690000
5.470000
2.340000
5.470000
7.810000
7.810000
6.250000
7.030000
10.940000
9.380000
6.250000
6.250000
7.030000
3.910000
4.690000
2.340000
5.470000
3.910000
7.030000
7.030000
5.470000
7.030000
3.910000
10.160000
7.810000
7.810000
7.030000
10.940000
10.160000
6.250000
6.250000
7.810000
10.160000
11.720000
7.810000
9.380000
9.380000
5.470000
4.690000
7.810000
9.380000
11.720000
4.690000
11.720000
6.250000
7.030000
7.030000
7.810000
7.810000
10.160000
10.160000
7.810000
8.590000
11.720000
10.940000
5.470000
9.380000
8.590000
7.030000
13.280000
12.500000
10.940000
7.810000
10.940000
10.160000
9.380000
7.030000
4.690000
10.160000
13.280000
7.030000
7.030000
10.940000
9.380000
8.590000
12.500000
14.060000
10.160000
7.810000
10.160000
8.590000
8.590000
13.280000
10.940000
12.500000
8.590000
12.500000
11.720000
10.160000
10.160000
9.380000
17.190000
9.380000
14.060000
11.720000
9.380000
12.500000
10.160000
7.810000
14.840000
14.060000
9.380000
15.620000
19.530000
10.160000
10.940000
12.500000
13.280000
16.410000
10.940000
12.500000
14.060000
8.590000
21.090000
8.590000
17.970000
14.840000
14.060000
18.750000
17.190000
9.380000
12.500000
25.780000
17.190000
13.280000
17.190000
21.090000
9.380000
14.840000
14.060000
17.190000
11.720000
8.590000
17.190000
10.160000
19.530000
16.410000
10.160000
12.500000
10.940000
12.500000
21.090000
12.500000
18.750000
12.500000
13.280000
16.410000
14.840000
17.970000
16.410000
16.410000
16.410000
12.500000
15.620000
11.720000
16.410000
18.750000
10.160000
21.880000
18.750000
19.530000
12.500000
12.500000
14.840000
17.970000
14.840000
12.500000
10.160000
19.530000
17.970000
19.530000
19.530000
14.060000
14.060000
16.410000
17.190000
17.190000
9.380000
17.190000
19.530000
16.410000
17.970000
17.970000
11.720000
21.090000
22.660000
17.190000
24.220000
15.620000
25.780000
21.880000
14.060000
17.970000
15.620000
25.000000
21.090000
19.530000
19.530000
21.090000
17.970000
18.750000
19.530000
10.940000
19.530000
18.750000
18.750000
20.310000
21.880000
16.410000
21.880000
14.840000
17.970000
15.620000
25.000000
17.970000
18.750000
18.750000
17.970000
14.840000
16.410000
25.780000
20.310000
29.690000
14.060000
22.660000
24.220000
19.530000
23.440000
14.060000
20.310000
21.880000
21.880000
23.440000
31.250000
22.660000
17.970000
13.280000
17.190000
15.620000
15.620000
25.780000
21.090000
21.090000
22.660000
26.560000
16.410000
26.560000
22.660000
23.440000
22.660000
20.310000
22.660000
22.660000
24.220000
18.750000
20.310000
23.440000
19.530000
21.090000
21.090000
20.310000
21.090000
26.560000
25.780000
29.690000
19.530000
24.220000
27.340000
29.690000
19.530000
21.090000
28.910000
29.690000
26.560000
25.000000
27.340000
24.220000
19.530000
26.560000
25.780000
22.660000
28.910000
27.340000
23.440000
26.560000
31.250000
31.250000
26.560000
28.120000
15.620000
24.220000
21.090000
28.910000
21.090000
28.910000
19.530000
22.660000
18.750000
19.530000
36.720000
24.220000
30.470000
24.220000
30.470000
26.560000
26.560000
31.250000
22.660000
20.310000
34.380000
24.220000
31.250000
26.560000
28.120000
27.340000
31.250000
17.190000
25.000000
23.440000
28.910000
21.880000
35.940000
32.030000
29.690000
40.620000
37.500000
27.340000
38.280000
33.590000
37.500000
41.410000
35.940000
32.030000
36.720000
33.590000
39.840000
39.060000
40.620000
39.840000
44.530000
37.500000
35.160000
41.410000
40.620000
39.060000
40.620000
42.970000
44.530000
44.530000
34.380000
33.590000
40.620000
36.720000
37.500000
34.380000
46.090000
40.620000
53.910000
36.720000
36.720000
33.590000
42.190000
43.750000
46.880000
42.190000
29.690000
38.280000
32.810000
48.440000
38.280000
42.970000
43.750000
36.720000
44.530000
42.970000
39.840000
39.840000
41.410000
42.970000
38.280000
42.190000
34.380000
40.620000
40.620000
35.160000
43.750000
41.410000
36.720000
39.840000
42.970000
45.310000
44.530000
35.940000
47.660000
42.970000
35.940000
41.410000
44.530000
52.340000
46.880000
49.220000
40.620000
42.190000
38.280000
44.530000
33.590000
43.750000
44.530000
46.090000
40.620000
47.660000
35.940000
48.440000
43.750000
36.720000
49.220000
40.620000
46.090000
44.530000
39.840000
36.720000
42.190000
47.660000
44.530000
44.530000
46.880000
48.440000
42.970000
40.620000
42.190000
46.880000
39.840000
35.940000
42.190000
42.970000
42.970000
42.970000
41.410000
40.620000
50.000000
44.530000
45.310000
38.280000
40.620000
46.880000
50.780000
42.970000
40.620000
42.970000
37.500000
39.060000
53.120000
41.410000
46.090000
52.340000
48.440000
45.310000
48.440000
50.780000
41.410000
36.720000
44.530000
42.190000
35.940000
44.530000
44.530000
57.030000
43.750000
44.530000
39.060000
50.000000
42.190000
44.530000
45.310000
38.280000
39.060000
46.090000
36.720000
33.590000
49.220000
57.030000
41.410000
44.530000
46.090000
43.750000
46.880000
47.660000
36.720000
39.060000
45.310000
47.660000
44.530000
39.840000
43.750000
42.190000
32.810000
39.060000
46.880000
51.560000
46.090000
47.660000
49.220000
42.190000
46.090000
53.120000
46.090000
40.620000
48.440000
48.440000
46.880000
42.970000
42.970000
46.090000
46.090000
41.410000
43.750000
49.220000
44.530000
43.750000
53.120000
48.440000
51.560000
53.910000
43.750000
50.000000
39.060000
46.880000
46.090000
50.780000
44.530000
48.440000
47.660000
46.880000
46.090000
46.880000
44.530000
53.120000
48.440000
56.250000
46.090000
42.970000
46.090000
46.880000
46.880000
49.220000
43.750000
41.410000
39.840000
48.440000
51.560000
54.690000
48.440000
46.090000
42.970000
64.060000
50.780000
41.410000
56.250000
47.660000
50.780000
43.750000
45.310000
48.440000
50.780000
39.840000
46.090000
50.000000
56.250000
54.690000
42.970000
48.440000
52.340000
56.250000
50.780000
50.000000
49.220000
59.380000
49.220000
38.280000
43.750000
50.000000
45.310000
49.220000
44.530000
46.880000
43.750000
50.000000
58.590000
46.090000
50.780000
36.720000
50.780000
44.530000
57.030000
45.310000
39.840000
46.090000
46.880000
42.970000
46.880000
47.660000
43.750000
47.660000
43.750000
43.750000
58.590000
51.560000
50.000000
60.160000
51.560000
49.220000
42.190000
47.660000
53.120000
52.340000
49.220000
53.120000
49.220000
47.660000
52.340000
45.310000
52.340000
53.120000
46.880000
45.310000
51.560000
51.560000
53.120000
46.880000
50.000000
50.000000
55.470000
50.780000
42.190000
46.090000
50.780000
50.000000
44.530000
50.000000
49.220000
53.910000
55.470000
49.220000
53.910000
61.720000
50.000000
56.250000
40.620000
42.190000
45.310000
46.090000
51.560000
52.340000
53.120000
48.440000
52.340000
55.470000
50.000000
42.970000
46.880000
46.090000
48.440000
50.000000
48.440000
50.000000
56.250000
53.120000
50.000000
53.910000
44.530000
50.000000
50.000000
53.120000
51.560000
55.470000
56.250000
53.910000
55.470000
54.690000
44.530000
39.840000
47.660000
53.120000
52.340000
54.690000
48.440000
51.560000
48.440000
52.340000
53.910000
42.970000
53.120000
57.810000
48.440000
51.560000
53.910000
56.250000
41.410000
47.660000
48.440000
52.340000
59.380000
53.120000
53.120000
59.380000
42.970000
57.030000
56.250000
59.380000
53.910000
50.000000
57.810000
50.000000
59.380000
53.120000
49.220000
50.000000
49.220000
57.810000
57.810000
56.250000
54.690000
62.500000
54.690000
60.940000
51.560000
54.690000
57.810000
45.310000
52.340000
60.160000
57.030000
47.660000
53.120000
61.720000
46.090000
57.030000
58.590000
53.120000
55.470000
51.560000
53.910000
60.940000
56.250000
54.690000
58.590000
60.160000
57.810000
49.220000
51.560000
58.590000
48.440000
53.910000
57.030000
59.380000
62.500000
60.160000
54.690000
55.470000
49.220000
47.660000
53.910000
55.470000
50.000000
57.030000
47.660000
46.880000
56.250000
55.470000
57.030000
57.030000
54.690000
58.590000
66.410000
57.030000
50.000000
64.840000
54.690000
53.910000
52.340000
50.000000
53.910000
57.810000
52.340000
57.030000
51.560000
62.500000
57.030000
58.590000
61.720000
54.690000
56.250000
61.720000
56.250000
50.000000
52.340000
50.780000
60.160000
56.250000
42.190000
53.910000
48.440000
52.340000
53.120000
49.220000
59.380000
62.500000
54.690000
50.780000
57.030000
65.620000
58.590000
53.120000
58.590000
51.560000
60.160000
59.380000
60.940000
47.660000
55.470000
58.590000
59.380000
60.940000
57.810000
53.120000
60.160000
62.500000
59.380000
62.500000
52.340000
57.030000
60.160000
60.940000
55.470000
57.810000
60.160000
59.380000
53.120000
52.340000
56.250000
61.720000
64.060000
53.910000
57.030000
59.380000
57.030000
58.590000
66.410000
53.120000
57.030000
64.060000
61.720000
60.160000
60.940000
52.340000
54.690000
51.560000
61.720000
57.030000
63.280000
59.380000
64.060000
60.940000
61.720000
71.880000
60.940000
57.810000
56.250000
63.280000
58.590000
55.470000
58.590000
60.160000
67.970000
58.590000
60.940000
63.280000
64.840000
63.280000
60.940000
64.840000
64.060000
58.590000
60.160000
57.030000
58.590000
53.120000
60.940000
67.970000
59.380000
57.810000
57.030000
66.410000
70.310000
63.280000
66.410000
71.090000
63.280000
57.810000
69.530000
60.940000
58.590000
64.060000
57.810000
65.620000
64.060000
71.090000
66.410000
61.720000
71.880000
55.470000
65.620000
60.160000
60.160000
63.280000
60.940000
63.280000
59.380000
61.720000
57.810000
50.780000
61.720000
68.750000
61.720000
63.280000
60.940000
60.160000
62.500000
67.970000
64.840000
65.620000
60.940000
65.620000
64.060000
57.810000
59.380000
60.160000
50.780000
64.060000
62.500000
60.940000
63.280000
58.590000
53.910000
57.030000
68.750000
65.620000
58.590000
54.690000
64.840000
55.470000
66.410000
58.590000
62.500000
53.910000
62.500000
57.030000
60.160000
59.380000
57.030000
60.940000
60.160000
58.590000
63.280000
60.160000
63.280000
64.060000
62.500000
70.310000
64.060000
60.160000
67.970000
64.840000
53.910000
59.380000
67.970000
63.280000
60.940000
60.940000
51.560000
57.810000
58.590000
57.810000
64.060000
60.160000
50.780000
70.310000
53.120000
70.310000
61.720000
63.280000
54.690000
60.940000
66.410000
57.030000
63.280000
68.750000
62.500000
65.620000
57.030000
56.250000
64.060000
66.410000
64.060000
60.940000
64.060000
52.340000
62.500000
52.340000
59.380000
64.840000
64.840000
58.590000
59.380000
60.160000
57.810000
57.030000
54.690000
59.380000
72.660000
55.470000
60.940000
62.500000
56.250000
57.810000
60.160000
64.840000
64.840000
63.280000
60.160000
68.750000
67.190000
57.810000
68.750000
64.060000
53.910000
60.160000
56.250000
48.440000
52.340000
60.160000
67.190000
63.280000
63.280000
63.280000
63.280000
70.310000
59.380000
67.970000
71.880000
58.590000
66.410000
66.410000
58.590000
61.720000
60.940000
61.720000
62.500000
64.060000
62.500000
53.120000
69.530000
67.970000
61.720000
59.380000
67.190000
61.720000
66.410000
72.660000
69.530000
59.380000
61.720000
64.840000
64.840000
62.500000
52.340000
61.720000
65.620000
70.310000
66.410000
61.720000
63.280000
62.500000
59.380000
64.060000
62.500000
64.060000
55.470000
68.750000
60.940000
60.160000
66.410000
61.720000
67.190000
57.030000
63.280000
66.410000
68.750000
60.160000
64.840000
71.880000
63.280000
64.060000
60.160000
61.720000
63.280000
65.620000
67.970000
67.970000
64.840000
61.720000
68.750000
64.060000
64.060000
60.940000
63.280000
53.120000
71.090000
55.470000
64.840000
69.530000
56.250000
58.590000
64.840000
64.060000
67.190000
65.620000
60.940000
62.500000
61.720000
57.810000
60.160000
64.840000
63.280000
67.190000
64.060000
67.190000
67.970000
55.470000
70.310000
67.190000
60.160000
57.810000
73.440000
63.280000
60.940000
64.060000
64.840000
57.030000
67.190000
55.470000
67.190000
66.410000
64.060000
54.690000
60.940000
63.280000
63.280000
60.160000
63.280000
61.720000
60.160000
64.060000
63.280000
71.880000
64.840000
67.190000
60.940000
62.500000
61.720000
60.160000
64.060000
64.840000
68.750000
63.280000
63.280000
68.750000
64.060000
65.620000
64.060000
57.030000
67.190000
63.280000
65.620000
65.620000
55.470000
62.500000
63.280000
63.280000
59.380000
64.840000
62.500000
69.530000
60.940000
60.940000
65.620000
62.500000
58.590000
60.940000
68.750000
61.720000
61.720000
64.840000
55.470000
64.060000
72.660000
60.160000
67.190000
64.840000
69.530000
61.720000
63.280000
66.410000
65.620000
67.970000
54.690000
53.910000
57.810000
67.970000
57.810000
63.280000
60.160000
64.060000
63.280000
66.410000
66.410000
63.280000
61.720000
67.190000
64.840000
64.840000
64.840000
53.910000
57.810000
59.380000
62.500000
60.940000
67.190000
70.310000
64.840000
64.840000
57.030000
65.620000
55.470000
71.090000
61.720000
60.940000
60.940000
66.410000
65.620000
60.160000
56.250000
65.620000
61.720000
59.380000
60.940000
64.840000
60.160000
65.620000
67.190000
62.500000
67.970000
58.590000
59.380000
54.690000
67.970000
65.620000
62.500000
62.500000
62.500000
64.840000
67.190000
61.720000
54.690000
67.190000
64.060000
60.940000
60.940000
67.970000
63.280000
63.280000
67.970000
67.970000
57.810000
57.030000
67.970000
64.060000
61.720000
60.940000
65.620000
60.940000
62.500000
66.410000
59.380000
60.160000
75.780000
71.090000
60.940000
65.620000
64.060000
67.190000
60.160000
57.030000
65.620000
60.940000
60.160000
61.720000
70.310000
62.500000
64.840000
60.940000
72.660000
70.310000
73.440000
67.190000
64.060000
64.840000
64.840000
60.160000
64.060000
63.280000
65.620000
65.620000
56.250000
73.440000
69.530000
63.280000
66.410000
65.620000
57.810000
64.840000
56.250000
60.940000
64.060000
67.970000
64.060000
64.060000
62.500000
60.940000
67.190000
61.720000
71.880000
70.310000
68.750000
65.620000
61.720000
67.190000
69.530000
68.750000
71.880000
62.500000
66.410000
64.060000
69.530000
60.160000
67.190000
59.380000
60.940000
62.500000
63.280000
57.810000
64.060000
66.410000
67.970000
65.620000
60.160000
73.440000
74.220000
58.590000
66.410000
64.060000
67.190000
59.380000
67.970000
61.720000
61.720000
66.410000
66.410000
62.500000
70.310000
59.380000
60.160000
63.280000
53.910000
57.810000
66.410000
66.410000
62.500000
67.190000
66.410000
58.590000
68.750000
63.280000
69.530000
62.500000
68.750000
60.940000
68.750000
63.280000
60.940000
69.530000
69.530000
56.250000
73.440000
64.060000
64.840000
71.090000
64.840000
60.940000
69.530000
67.970000
60.160000
67.970000
66.410000
66.410000
60.160000
64.060000
63.280000
65.620000
71.090000
64.060000
55.470000
62.500000
70.310000
66.410000
58.590000
69.530000
69.530000
60.160000
55.470000
57.810000
70.310000
55.470000
68.750000
59.380000
70.310000
64.840000
63.280000
65.620000
67.970000
68.750000
58.590000
66.410000
60.160000
57.030000
70.310000
71.090000
60.160000
64.060000
67.190000
69.530000
62.500000
58.590000
71.090000
66.410000
63.280000
75.780000
73.440000
62.500000
60.940000
61.720000
61.720000
67.190000
62.500000
59.380000
57.810000
68.750000
61.720000
59.380000
64.840000
66.410000
58.590000
63.280000
64.840000
67.190000
62.500000
58.590000
64.060000
56.250000
58.590000
58.590000
59.380000
60.940000
62.500000
66.410000
64.060000
64.060000
69.530000
64.840000
53.910000
55.470000
66.410000
62.500000
63.280000
63.280000
67.190000
60.160000
64.060000
64.060000
62.500000
67.970000
61.720000
69.530000
63.280000
64.840000
71.880000
64.060000
66.410000
70.310000
66.410000
59.380000
64.840000
56.250000
60.940000
60.940000
57.810000
70.310000
61.720000
64.840000
67.190000
62.500000
56.250000
67.970000
73.440000
69.530000
62.500000
66.410000
57.030000
64.060000
60.940000
63.280000
66.410000
68.750000
65.620000
65.620000
63.280000
58.590000
68.750000
60.160000
60.940000
57.810000
65.620000
60.160000
59.380000
68.750000
64.060000
55.470000
64.060000
58.590000
62.500000
66.410000
69.530000
68.750000
63.280000
68.750000
60.160000
62.500000
62.500000
71.090000
70.310000
64.840000
62.500000
57.810000
67.190000
64.840000
64.840000
62.500000
62.500000
70.310000
60.160000
75.000000
66.410000
68.750000
71.090000
63.280000
63.280000
60.160000
67.970000
62.500000
63.280000
65.620000
68.750000
64.840000
66.410000
58.590000
67.190000
67.190000
67.970000
57.810000
71.090000
61.720000
61.720000
54.690000
72.660000
60.160000
66.410000
67.190000
59.380000
68.750000
60.940000
66.410000
60.940000
69.530000
58.590000
65.620000
66.410000
60.940000
67.190000
70.310000
66.410000
61.720000
62.500000
62.500000
69.530000
69.530000
64.060000
64.840000
64.060000
64.840000
64.060000
64.060000
70.310000
69.530000
67.190000
63.280000
69.530000
64.840000
74.220000
64.840000
64.060000
58.590000
55.470000
70.310000
66.410000
66.410000
67.970000
64.840000
58.590000
66.410000
63.280000
74.220000
65.620000
62.500000
65.620000
58.590000
60.160000
58.590000
69.530000
60.160000
59.380000
57.030000
61.720000
63.280000
57.810000
60.160000
66.410000
64.840000
64.840000
68.750000
65.620000
61.720000
66.410000
64.060000
61.720000
61.720000
59.380000
60.160000
69.530000
67.190000
64.840000
67.970000
64.060000
59.380000
66.410000
67.970000
62.500000
63.280000
69.530000
63.280000
62.500000
60.160000
67.970000
55.470000
59.380000
71.090000
66.410000
60.160000
64.060000
68.750000
56.250000
69.530000
64.060000
59.380000
67.970000
74.220000
66.410000
69.530000
56.250000
63.280000
64.060000
64.840000
67.190000
60.160000
59.380000
67.970000
63.280000
60.940000
64.840000
58.590000
67.190000
65.620000
64.060000
60.160000
66.410000
65.620000
60.940000
62.500000
60.160000
59.380000
66.410000
64.060000
64.840000
73.440000
67.970000
64.060000
66.410000
69.530000
60.160000
60.160000
60.160000
67.190000
65.620000
67.190000
70.310000
64.840000
65.620000
60.940000
60.940000
60.940000
62.500000
61.720000
58.590000
68.750000
64.840000
67.190000
60.160000
64.840000
61.720000
64.840000
65.620000
64.840000
62.500000
68.750000
67.970000
74.220000
63.280000
65.620000
65.620000
67.190000
67.970000
72.660000
65.620000
68.750000
64.060000
66.410000
64.060000
63.280000
65.620000
62.500000
60.160000
72.660000
64.840000
64.840000
66.410000
64.840000
68.750000
67.190000
67.970000
68.750000
73.440000
64.840000
64.840000
65.620000
71.880000
57.030000
58.590000
63.280000
50.000000
64.060000
67.970000
56.250000
60.160000
55.470000
60.160000
64.840000
66.410000
63.280000
68.750000
61.720000
70.310000
68.750000
63.280000
59.380000
71.880000
66.410000
63.280000
63.280000
61.720000
67.190000
60.160000
63.280000
65.620000
71.090000
61.720000
60.940000
53.120000
67.970000
67.190000
75.000000
63.280000
65.620000
60.940000
63.280000
67.190000
67.970000
65.620000
60.940000
64.060000
64.840000
62.500000
66.410000
64.840000
57.810000
57.810000
58.590000
58.590000
63.280000
58.590000
57.810000
59.380000
67.970000
59.380000
64.840000
57.810000
60.940000
62.500000
60.160000
69.530000
61.720000
60.160000
66.410000
64.840000
64.840000
68.750000
68.750000
67.970000
67.970000
64.060000
69.530000
69.530000
63.280000
57.810000
61.720000
68.750000
62.500000
67.970000
60.940000
67.970000
62.500000
71.090000
64.060000
59.380000
65.620000
57.030000
62.500000
62.500000
63.280000
67.970000
67.970000
67.190000
63.280000
61.720000
67.970000
53.120000
68.750000
57.810000
61.720000
66.410000
58.590000
60.940000
72.660000
59.380000
66.410000
65.620000
65.620000
66.410000
69.530000
66.410000
67.970000
65.620000
64.060000
71.880000
54.690000
69.530000
57.810000
60.160000
67.190000
60.940000
67.970000
64.840000
64.060000
66.410000
64.840000
65.620000
63.280000
63.280000
63.280000
68.750000
72.660000
64.840000
68.750000
56.250000
64.840000
65.620000
71.090000
58.590000
67.190000
71.880000
63.280000
64.840000
67.190000
60.940000
71.090000
60.160000
73.440000
70.310000
70.310000
57.030000
61.720000
61.720000
63.280000
65.620000
71.090000
68.750000
63.280000
60.940000
66.410000
67.190000
60.160000
63.280000
64.060000
68.750000
68.750000
63.280000
55.470000
64.060000
60.940000
67.970000
65.620000
57.030000
64.060000
71.090000
70.310000
63.280000
62.500000
75.000000
63.280000
65.620000
60.160000
66.410000
55.470000
67.190000
64.840000
59.380000
63.280000
71.880000
64.840000
67.970000
61.720000
60.160000
58.590000
65.620000
62.500000
63.280000
66.410000
64.840000
62.500000
64.840000
64.840000
67.970000
57.810000
67.970000
62.500000
60.160000
70.310000
63.280000
67.970000
60.940000
65.620000
65.620000
59.380000
74.220000
67.970000
60.940000
70.310000
71.090000
57.810000
62.500000
71.880000
66.410000
64.060000
57.810000
60.160000
73.440000
63.280000
60.940000
66.410000
67.970000
63.280000
67.190000
60.160000
68.750000
66.410000
64.840000
70.310000
61.720000
69.530000
73.440000
66.410000
67.190000
63.280000
67.190000
64.060000
60.940000
70.310000
71.880000
59.380000
68.750000
69.530000
62.500000
57.810000
62.500000
59.380000
66.410000
66.410000
62.500000
64.060000
56.250000
57.030000
61.720000
61.720000
72.660000
57.810000
66.410000
67.970000
60.940000
66.410000
64.060000
69.530000
58.590000
65.620000
65.620000
76.560000
61.720000
59.380000
64.840000
68.750000
62.500000
68.750000
60.940000
62.500000
61.720000
64.840000
62.500000
60.160000
64.060000
60.940000
74.220000
67.190000
63.280000
71.090000
64.840000
70.310000
62.500000
60.940000
58.590000
65.620000
71.090000
69.530000
68.750000
70.310000
63.280000
58.590000
64.840000
68.750000
61.720000
61.720000
64.840000
58.590000
62.500000
64.840000
71.880000
66.410000
62.500000
70.310000
71.090000
64.840000
70.310000
70.310000
63.280000
64.840000
68.750000
61.720000
65.620000
63.280000
60.940000
67.970000
69.530000
65.620000
67.970000
73.440000
65.620000
64.840000
63.280000
69.530000
72.660000
65.620000
57.030000
71.880000
65.620000
65.620000
57.810000
65.620000
64.060000
65.620000
70.310000
68.750000
63.280000
62.500000
65.620000
61.720000
68.750000
64.060000
67.190000
66.410000
67.190000
64.060000
75.000000
64.840000
64.060000
61.720000
67.190000
64.060000
62.500000
67.190000
67.190000
65.620000
65.620000
75.000000
64.840000
65.620000
55.470000
60.940000
60.160000
67.190000
64.060000
68.750000
70.310000
57.810000
65.620000
73.440000
60.940000
60.940000
66.410000
58.590000
62.500000
60.160000
63.280000
64.840000
53.120000
58.590000
69.530000
60.940000
63.280000
59.380000
59.380000
53.120000
67.970000
64.060000
58.590000
62.500000
67.190000
64.840000
69.530000
61.720000
61.720000
64.060000
64.060000
55.470000
66.410000
74.220000
67.970000
66.410000
61.720000
60.160000
68.750000
64.060000
56.250000
69.530000
67.190000
60.160000
54.690000
67.970000
62.500000
58.590000
64.840000
63.280000
63.280000
60.160000
67.190000
61.720000
71.880000
66.410000
64.060000
69.530000
64.060000
66.410000
65.620000
65.620000
66.410000
67.970000
60.940000
66.410000
61.720000
66.410000
68.750000
67.970000
60.940000
62.500000
71.880000
70.310000
71.880000
63.280000
67.970000
66.410000
67.970000
68.750000
64.840000
63.280000
64.060000
64.840000
62.500000
58.590000
61.720000
67.190000
61.720000
64.060000
55.470000
62.500000
59.380000
66.410000
64.840000
70.310000
62.500000
61.720000
72.660000
67.190000
67.970000
63.280000
67.190000
65.620000
64.840000
66.410000
69.530000
59.380000
62.500000
68.750000
68.750000
67.970000
67.190000
64.840000
66.410000
59.380000
56.250000
64.060000
64.840000
62.500000
61.720000
60.940000
57.810000
63.280000
64.840000
60.940000
64.840000
67.190000
64.840000
64.060000
57.810000
65.620000
55.470000
67.190000
63.280000
68.750000
64.060000
60.940000
58.590000
67.190000
62.500000
64.060000
69.530000
61.720000
61.720000
71.880000
66.410000
67.970000
66.410000
62.500000
72.660000
58.590000
59.380000
67.970000
65.620000
67.190000
67.970000
63.280000
67.190000
67.190000
71.090000
71.090000
60.160000
68.750000
60.940000
68.750000
70.310000
61.720000
63.280000
68.750000
53.120000
61.720000
63.280000
63.280000
65.620000
70.310000
65.620000
61.720000
57.030000
63.280000
64.840000
65.620000
68.750000
63.280000
67.190000
60.940000
61.720000
65.620000
57.810000
67.970000
58.590000
60.160000
62.500000
67.190000
71.880000
64.840000
67.970000
63.280000
61.720000
66.410000
61.720000
75.000000
65.620000
63.280000
71.880000
56.250000
66.410000
64.840000
60.940000
69.530000
67.970000
64.060000
67.970000
57.810000
53.910000
67.190000
63.280000
66.410000
66.410000
66.410000
71.090000
67.190000
64.840000
65.620000
63.280000
65.620000
61.720000
63.280000
64.840000
60.160000
64.840000
62.500000
64.060000
59.380000
59.380000
67.970000
58.590000
57.030000
72.660000
68.750000
66.410000
64.840000
57.030000
61.720000
64.060000
56.250000
66.410000
59.380000
60.940000
66.410000
67.190000
72.660000
60.940000
64.060000
57.810000
60.160000
66.410000
60.940000
61.720000
65.620000
64.840000
65.620000
60.940000
67.970000
61.720000
63.280000
71.090000
65.620000
68.750000
61.720000
65.620000
64.060000
61.720000
64.840000
71.090000
64.060000
70.310000
68.750000
64.840000
67.190000
62.500000
64.060000
72.660000
69.530000
67.970000
65.620000
67.970000
71.880000
61.720000
62.500000
55.470000
68.750000
60.160000
56.250000
67.970000
64.060000
63.280000
64.840000
72.660000
64.060000
69.530000
58.590000
64.060000
70.310000
71.880000
74.220000
61.720000
62.500000
63.280000
64.840000
67.190000
63.280000
67.970000
70.310000
57.030000
61.720000
66.410000
67.970000
59.380000
68.750000
53.910000
66.410000
65.620000
64.060000
56.250000
63.280000
65.620000
68.750000
63.280000
57.810000
66.410000
62.500000
61.720000
62.500000
65.620000
61.720000
53.910000
67.970000
55.470000
63.280000
62.500000
63.280000
69.530000
67.190000
61.720000
67.970000
62.500000
66.410000
72.660000
67.970000
75.000000
71.090000
64.060000
57.810000
65.620000
60.940000
67.190000
70.310000
66.410000
59.380000
66.410000
58.590000
64.060000
68.750000
68.750000
69.530000
63.280000
64.840000
65.620000
60.940000
64.840000
64.840000
74.220000
71.880000
58.590000
60.160000
71.880000
68.750000
57.810000
67.190000
64.060000
66.410000
66.410000
64.840000
72.660000
66.410000
60.940000
60.940000
69.530000
60.940000
62.500000
64.840000
58.590000
70.310000
73.440000
66.410000
64.060000
63.280000
67.970000
67.190000
57.030000
60.940000
64.060000
65.620000
67.970000
65.620000
61.720000
59.380000
57.030000
62.500000
65.620000
75.780000
64.060000
72.660000
62.500000
55.470000
57.810000
59.380000
58.590000
61.720000
60.160000
64.060000
64.840000
58.590000
65.620000
70.310000
63.280000
75.000000
75.000000
69.530000
60.160000
67.190000
64.060000
70.310000
64.060000
68.750000
60.940000
60.940000
67.190000
59.380000
57.810000
64.840000
64.060000
65.620000
57.810000
67.190000
66.410000
60.940000
57.810000
60.940000
59.380000
64.840000
74.220000
57.030000
67.970000
65.620000
64.840000
60.940000
69.530000
66.410000
73.440000
61.720000
73.440000
64.840000
60.940000
63.280000
62.500000
61.720000
67.970000
69.530000
58.590000
58.590000
62.500000
63.280000
65.620000
66.410000
53.120000
61.720000
62.500000
62.500000
67.970000
64.840000
65.620000
61.720000
64.840000
65.620000
71.090000
63.280000
68.750000
63.280000
70.310000
73.440000
64.840000
67.970000
60.940000
72.660000
62.500000
64.840000
59.380000
67.190000
67.190000
63.280000
65.620000
63.280000
64.060000
65.620000
62.500000
62.500000
61.720000
72.660000
68.750000
58.590000
64.060000
74.220000
66.410000
66.410000
64.060000
60.940000
63.280000
62.500000
59.380000
59.380000
57.810000
64.060000
64.840000
56.250000
63.280000
70.310000
67.970000
66.410000
69.530000
62.500000
60.160000
64.840000
63.280000
67.190000
59.380000
62.500000
64.840000
57.810000
68.750000
64.840000
60.940000
59.380000
73.440000
65.620000
69.530000
62.500000
66.410000
65.620000
59.380000
67.970000
64.060000
75.000000
68.750000
66.410000
69.530000
65.620000
65.620000
71.880000
62.500000
63.280000
63.280000
64.060000
64.840000
56.250000
65.620000
61.720000
66.410000
67.970000
65.620000
71.880000
67.970000
67.190000
64.060000
61.720000
69.530000
68.750000
55.470000
62.500000
67.190000
62.500000
66.410000
65.620000
61.720000
57.810000
68.750000
65.620000
58.590000
66.410000
71.880000
64.840000
65.620000
63.280000
64.060000
62.500000
65.620000
65.620000
64.840000
54.690000
66.410000
66.410000
66.410000
67.190000
71.880000
64.840000
66.410000
59.380000
62.500000
61.720000
67.970000
61.720000
71.880000
63.280000
71.090000
64.060000
57.810000
64.840000
69.530000
64.840000
70.310000
71.090000
62.500000
69.530000
55.470000
61.720000
72.660000
68.750000
58.590000
64.840000
70.310000
58.590000
71.090000
64.060000
70.310000
65.620000
70.310000
63.280000
74.220000
65.620000
67.970000
61.720000
68.750000
64.060000
63.280000
63.280000
67.190000
64.840000
55.470000
69.530000
61.720000
63.280000
70.310000
61.720000
60.160000
62.500000
63.280000
63.280000
55.470000
64.060000
57.030000
65.620000
63.280000
65.620000
65.620000
60.160000
63.280000
58.590000
67.190000
64.060000
61.720000
64.840000
55.470000
60.940000
63.280000
61.720000
63.280000
61.720000
64.060000
70.310000
68.750000
62.500000
60.160000
67.970000
63.280000
64.840000
64.840000
71.880000
64.840000
69.530000
64.840000
68.750000
63.280000
57.810000
66.410000
67.190000
64.840000
67.970000
60.160000
64.060000
65.620000
62.500000
64.060000
71.090000
64.840000
71.090000
68.750000
60.160000
63.280000
64.060000
58.590000
71.880000
69.530000
70.310000
60.940000
60.160000
73.440000
61.720000
64.060000
60.160000
67.970000
64.840000
60.160000
68.750000
64.060000
60.940000
66.410000
66.410000
66.410000
71.880000
71.880000
71.880000
62.500000
60.940000
58.590000
62.500000
61.720000
64.060000
64.060000
64.840000
62.500000
61.720000
64.060000
63.280000
70.310000
60.940000
65.620000
67.190000
65.620000
66.410000
66.410000
64.840000
63.280000
64.840000
67.190000
63.280000
67.970000
65.620000
67.190000
58.590000
66.410000
69.530000
73.440000
72.660000
67.190000
57.030000
57.030000
62.500000
64.060000
64.840000
66.410000
60.160000
55.470000
60.940000
59.380000
63.280000
60.160000
61.720000
56.250000
59.380000
70.310000
69.530000
57.810000
67.190000
64.060000
64.840000
65.620000
72.660000
62.500000
73.440000
60.160000
60.160000
57.810000
53.120000
59.380000
55.470000
61.720000
71.090000
68.750000
60.940000
67.190000
57.810000
58.590000
69.530000
62.500000
55.470000
59.380000
60.160000
71.880000
65.620000
66.410000
67.970000
62.500000
60.940000
64.060000
61.720000
67.190000
58.590000
56.250000
60.160000
59.380000
67.190000
67.970000
64.060000
66.410000
71.880000
60.160000
65.620000
63.280000
52.340000
65.620000
64.840000
67.190000
57.030000
62.500000
63.280000
60.160000
54.690000
73.440000
64.060000
63.280000
62.500000
70.310000
68.750000
59.380000
75.000000
59.380000
69.530000
59.380000
64.840000
63.280000
60.940000
63.280000
60.160000
63.280000
65.620000
57.810000
62.500000
66.410000
63.280000
66.410000
64.060000
66.410000
65.620000
70.310000
60.940000
64.840000
66.410000
62.500000
62.500000
67.970000
68.750000
64.840000
70.310000
63.280000
67.190000
71.880000
65.620000
67.970000
63.280000
60.160000
60.160000
63.280000
71.090000
62.500000
71.880000
64.840000
65.620000
66.410000
64.840000
63.280000
64.840000
67.970000
62.500000
61.720000
60.940000
65.620000
64.060000
65.620000
69.530000
60.160000
62.500000
68.750000
58.590000
62.500000
60.940000
58.590000
64.840000
61.720000
60.940000
58.590000
67.970000
72.660000
66.410000
55.470000
67.190000
62.500000
59.380000
55.470000
69.530000
62.500000
71.090000
59.380000
65.620000
65.620000
61.720000
64.060000
72.660000
75.000000
66.410000
67.970000
59.380000
68.750000
60.940000
59.380000
68.750000
64.060000
68.750000
58.590000
60.940000
59.380000
67.970000
64.840000
69.530000
60.160000
64.840000
66.410000
65.620000
66.410000
65.620000
60.940000
60.940000
60.940000
59.380000
66.410000
61.720000
68.750000
66.410000
62.500000
67.190000
57.810000
60.160000
68.750000
62.500000
64.060000
57.810000
65.620000
66.410000
67.970000
64.060000
63.280000
64.840000
64.060000
63.280000
69.530000
64.060000
65.620000
68.750000
68.750000
63.280000
60.160000
67.190000
69.530000
71.880000
64.840000
69.530000
65.620000
71.880000
69.530000
69.530000
62.500000
68.750000
64.840000
53.120000
62.500000
57.030000
64.060000
55.470000
67.970000
67.970000
65.620000
60.940000
75.780000
58.590000
70.310000
60.160000
57.810000
68.750000
65.620000
58.590000
67.970000
67.190000
64.060000
67.190000
66.410000
66.410000
59.380000
69.530000
60.940000
64.060000
61.720000
63.280000
62.500000
54.690000
65.620000
67.190000
66.410000
67.190000
59.380000
60.160000
65.620000
64.060000
64.060000
60.940000
63.280000
69.530000
62.500000
66.410000
60.160000
66.410000
65.620000
71.880000
65.620000
66.410000
70.310000
60.160000
64.840000
64.840000
65.620000
61.720000
72.660000
62.500000
63.280000
62.500000
69.530000
72.660000
64.060000
59.380000
66.410000
62.500000
67.970000
64.840000
67.190000
70.310000
67.190000
61.720000
69.530000
67.970000
66.410000
71.880000
60.940000
61.720000
71.090000
72.660000
62.500000
64.060000
63.280000
67.970000
63.280000
69.530000
64.840000
64.840000
69.530000
67.190000
69.530000
64.840000
69.530000
64.060000
67.970000
66.410000
60.160000
69.530000
67.190000
58.590000
62.500000
68.750000
68.750000
59.380000
64.840000
65.620000
60.160000
60.160000
58.590000
68.750000
67.190000
64.840000
67.190000
62.500000
64.060000
60.940000
72.660000
64.840000
71.880000
58.590000
60.160000
71.090000
65.620000
72.660000
59.380000
66.410000
65.620000
71.880000
64.840000
67.970000
57.810000
68.750000
65.620000
64.840000
62.500000
62.500000
68.750000
70.310000
69.530000
61.720000
59.380000
66.410000
65.620000
