0.954366
0.287892
0.263976
0.241315
0.238481
0.262860
0.227337
0.224306
0.239609
0.222570
0.231072
0.210853
0.235621
0.273869
0.236157
0.230779
0.243594
0.237611
0.248578
0.258452
0.253852
0.270860
0.297882
0.281140
0.273874
0.270705
0.275736
0.299299
0.291906
0.290930
0.304596
0.311338
0.312417
0.354766
0.362705
0.322604
0.326431
0.334238
0.330557
0.352026
0.356405
0.408406
0.342158
0.373947
0.363367
0.419125
0.367844
0.383592
0.390165
0.386420
0.387507
0.381364
0.404955
0.413834
0.461470
0.475209
0.422430
0.402015
0.427894
0.444638
0.442734
0.426601
0.455597
0.438955
0.522639
0.456506
0.485122
0.483102
0.507176
0.486568
0.489232
0.502043
0.509430
0.518673
0.488811
0.518852
0.536854
0.513148
0.543990
0.515439
0.540010
0.539041
0.541660
0.558505
0.559296
0.577870
0.564599
0.584699
0.581353
0.555888
0.585762
0.591425
0.611724
0.675011
0.592755
0.591301
0.615223
0.621089
0.621901
0.602301
0.625022
0.614253
0.642855
0.657062
0.647742
0.725787
0.667116
0.650551
0.659037
0.727987
0.740976
0.690475
0.697256
0.674622
0.735777
0.699454
0.717968
0.670155
0.692184
0.723302
0.781335
0.703366
0.727884
0.720857
0.687464
0.713222
0.703762
0.787168
0.725504
0.715677
0.729683
0.742885
0.708941
0.734447
0.737574
0.715701
0.749002
0.733629
0.728259
0.780645
0.741517
0.702862
0.684705
0.718829
0.742286
0.742947
0.747612
0.714856
0.757290
0.727642
0.718572
0.690705
0.777527
0.735227
0.751217
0.757418
0.814976
0.685152
0.750491
0.775093
0.764345
0.759222
0.744746
0.740509
0.747207
0.751104
0.751362
0.736792
0.753619
0.786531
0.742792
0.706008
0.821354
0.748900
0.746465
0.736635
0.731447
0.744711
0.799274
0.733153
0.739355
0.754253
0.760078
0.751766
0.755170
0.747119
0.772028
0.752807
0.775423
0.737739
0.761306
0.719440
0.741292
0.770229
0.827433
0.775759
0.771605
0.748182
0.820571
0.772252
0.758493
0.754915
0.744642
0.760271
0.775519
0.735941
0.753186
0.753375
0.785700
0.767807
0.834846
0.734732
0.836747
0.823106
0.754408
0.758640
0.766351
0.779765
0.749645
0.747607
0.770370
0.768320
0.757536
0.745621
0.750416
0.770483
0.773420
0.703320
0.743270
0.765131
0.736571
0.756176
0.739713
0.757546
0.827913
0.766544
0.773022
0.797516
0.788070
0.783439
0.842095
0.763228
0.777128
0.814641
0.744115
0.740253
0.745370
0.740082
0.738100
0.780283
0.757783
0.752494
0.770422
0.738592
0.776030
0.779503
0.807175
0.768319
0.811485
0.767780
0.819105
0.768396
0.713674
0.759757
